1.695876289
2.350000000
1.247422680
1.134020619
1.571428571
1.515625000
2.365853659
1.093750000
1.707317073
1.306122449
0.836734694
1.526881720
1.428571429
1.728571429
1.703389831
2.258426966
1.338983051
1.135593220
1.505617978
1.475000000
2.510638298
1.112500000
1.893617021
1.142857143
0.671428571
1.598290598
1.271428571
1.775280899
1.686131387
2.595505618
1.291970803
1.036496350
1.595505618
1.593023256
2.362068966
1.034883721
1.534482759
1.228571429
0.828571429
1.588235294
1.271428571
1.988764045
1.757812500
2.500000000
1.492187500
1.203125000
1.711111111
1.422222222
2.327272727
1.000000000
1.636363636
1.168831169
0.714285714
1.592307692
1.168831169
2.122222222
1.859090909
2.377906977
1.663636364
1.227272727
1.569767442
1.264367816
2.291666667
0.988505747
1.791666667
1.359375000
0.750000000
1.547008547
1.343750000
2.127906977
1.750000000
2.182795699
1.603448276
1.129310345
1.408602151
1.468354430
3.052631579
1.177215190
2.447368421
1.755555556
0.844444444
1.381355932
2.066666667
2.000000000
1.638297872
2.457446809
1.312056738
0.914893617
1.372340426
1.698795181
3.204545455
1.132530120
2.136363636
1.296875000
0.687500000
1.561403509
1.468750000
1.968085106
1.785123967
2.426966292
1.438016529
1.024793388
1.393258427
1.406976744
2.469387755
1.034883721
1.816326531
1.387096774
0.790322581
1.601941748
1.435483871
1.955056180
1.667968750
2.320652174
1.351562500
1.078125000
1.500000000
1.580246914
2.560000000
1.135802469
1.840000000
1.109589041
0.684931507
1.608333333
1.260273973
1.880434783
1.659574468
2.437500000
1.347517730
0.964539007
1.416666667
1.658823529
2.937500000
1.129411765
2.000000000
1.370967742
0.774193548
1.525423729
1.548387097
1.979166667
1.659863946
2.392156863
1.292517007
1.197278912
1.725490196
1.615384615
1.633333333
1.120879121
1.133333333
1.083333333
1.071428571
1.646153846
1.214285714
1.862745098
1.683486239
2.414473684
1.165137615
1.036697248
1.486842105
1.626865672
2.658536585
1.134328358
1.853658537
1.288461538
0.788461538
1.525252525
1.461538462
1.671052632
1.785123967
2.057142857
1.636363636
1.115702479
1.285714286
1.359550562
2.880952381
1.179775281
2.500000000
1.253521127
0.591549296
1.591666667
1.478873239
1.885714286
1.738636364
2.415789474
1.371212121
1.083333333
1.505263158
1.419354839
2.808510638
1.021505376
2.021276596
1.631578947
0.824561404
1.452380952
1.666666667
1.905263158
1.719008264
2.080000000
1.570247934
1.008264463
1.220000000
1.475609756
3.361111111
1.219512195
2.777777778
1.413793103
0.620689655
1.542056075
1.724137931
1.900000000
1.675781250
2.211340206
1.351562500
1.289062500
1.701030928
1.600000000
2.000000000
1.212500000
1.515625000
1.095890411
0.876712329
1.536764706
1.328767123
1.783505155
1.767241379
2.070707071
1.344827586
1.327586207
1.555555556
1.450000000
1.681159420
1.237500000
1.434782609
1.025641026
0.884615385
1.614173228
1.269230769
1.575757576
1.691406250
2.327956989
1.320312500
1.140625000
1.569892473
1.580246914
2.245614035
1.148148148
1.631578947
1.246153846
0.876923077
1.532786885
1.430769231
1.817204301
1.737500000
2.241935484
1.550000000
0.958333333
1.236559140
1.445783133
3.243243243
1.120481928
2.513513514
1.169014085
0.521126761
1.710000000
1.309859155
2.000000000
1.701550388
2.310526316
1.550387597
1.178294574
1.600000000
1.517647059
3.146341463
1.117647059
2.317073171
1.634615385
0.788461538
1.382352941
1.826923077
2.105263158
1.802521008
2.410112360
1.647058824
1.453781513
1.943820225
1.337078652
1.630136986
1.000000000
1.219178082
1.253521127
1.028169014
1.514492754
1.253521127
2.202247191
1.755319149
2.426470588
1.468085106
1.234042553
1.705882353
1.468750000
2.136363636
1.062500000
1.545454545
1.280000000
0.880000000
1.490196078
1.360000000
2.029411765
1.750000000
2.250000000
1.555555556
1.095238095
1.408163265
1.431818182
3.000000000
1.113636364
2.333333333
1.442622951
0.688524590
1.495934959
1.606557377
2.000000000
1.676229508
2.247252747
1.344262295
1.196721311
1.604395604
1.544303797
2.259259259
1.151898734
1.685185185
1.274193548
0.870967742
1.504065041
1.467741935
1.802197802
1.695488722
2.451086957
1.421052632
1.007518797
1.456521739
1.528735632
3.093023256
1.057471264
2.139534884
1.318181818
0.651515152
1.578947368
1.393939394
2.054347826
1.595419847
2.348314607
1.122137405
1.198473282
1.764044944
1.770270270
1.984848485
1.202702703
1.348484848
1.156250000
1.031250000
1.503937008
1.390625000
1.651685393
1.750000000
2.372222222
1.327868852
1.147540984
1.555555556
1.452380952
2.259259259
1.071428571
1.666666667
1.105263158
0.710526316
1.655172414
1.184210526
1.800000000
1.762711864
2.363636364
1.254237288
1.076271186
1.443181818
1.404761905
2.185185185
1.047619048
1.629629630
1.312500000
0.843750000
1.615384615
1.375000000
1.681818182
1.715909091
2.068493151
1.647727273
1.204545455
1.452054795
1.466666667
2.666666667
1.216666667
2.212121212
1.395348837
0.767441860
1.452631579
1.697674419
1.986301370
1.729166667
2.441176471
1.343750000
1.093750000
1.544117647
1.548387097
2.461538462
1.096774194
1.743589744
1.512195122
0.951219512
1.445652174
1.658536585
1.897058824
1.695000000
2.387323944
1.500000000
1.270000000
1.788732394
1.538461538
2.040816327
1.092307692
1.448979592
1.120689655
0.844827586
1.552380952
1.224137931
2.112676056
1.690217391
2.320895522
1.391304348
1.271739130
1.746268657
1.483870968
2.555555556
1.080645161
1.861111111
1.347826087
0.782608696
1.438095238
1.456521739
1.910447761
1.750000000
2.350000000
1.223404255
1.202127660
1.614285714
1.446153846
2.473684211
1.076923077
1.842105263
1.226415094
0.716981132
1.530000000
1.320754717
1.642857143
1.786516854
2.409090909
1.314606742
1.157303371
1.560606061
1.369230769
2.870967742
1.015384615
2.129032258
1.354166667
0.645833333
1.521739130
1.375000000
1.772727273
1.690851735
3.209580838
1.388012618
1.283911672
2.437125749
1.601010101
1.993710692
0.843434343
1.050314465
1.328859060
1.067114094
1.433139535
1.120805369
2.634730539
1.693083573
2.894088670
1.242074928
1.115273775
1.906403941
1.613953488
2.478571429
0.944186047
1.450000000
1.327160494
0.864197531
1.493902439
1.253086420
2.123152709
1.716019417
2.507092199
1.665048544
1.349514563
1.971631206
1.509157509
2.301675978
1.032967033
1.575418994
1.392857143
0.913265306
1.404123711
1.438775510
2.432624113
1.769624573
2.592500000
1.569965870
1.146757679
1.680000000
1.415458937
2.034722222
0.966183575
1.388888889
2.156250000
1.500000000
1.341637011
2.083333333
2.300000000
1.732970027
2.574898785
1.324250681
1.166212534
1.732793522
1.497959184
2.659420290
1.008163265
1.789855072
1.361111111
0.766666667
1.474934037
1.372222222
1.967611336
1.697231834
2.818965517
1.072664360
0.955017301
1.586206897
1.537234043
2.293650794
0.925531915
1.380952381
1.492063492
1.000000000
1.552631579
1.380952381
1.781609195
1.603361345
2.503937008
1.369747899
1.053781513
1.645669291
1.871069182
2.500000000
1.198113208
1.600840336
1.232558140
0.922480620
1.485875706
1.476744186
2.139107612
1.765765766
2.265895954
1.549549550
1.198198198
1.537572254
1.441558442
2.074766355
1.123376623
1.616822430
1.587628866
1.103092784
1.416309013
1.783505155
1.988439306
1.666666667
2.661290323
1.202020202
1.040404040
1.661290323
1.650000000
2.750000000
1.033333333
1.722222222
1.333333333
0.800000000
1.494505495
1.377777778
1.919354839
1.680412371
2.507692308
1.309278351
1.185567010
1.769230769
1.590163934
2.365853659
1.065573770
1.585365854
1.109090909
0.745454545
1.555555556
1.181818182
1.953846154
1.682835821
2.766871166
1.261194030
1.123134328
1.846625767
1.675000000
2.271186441
1.018750000
1.381355932
1.126760563
0.830985915
1.556862745
1.147887324
2.073619632
1.775000000
2.784313725
1.250000000
1.254166667
1.967320261
1.411764706
2.264150943
0.900000000
1.443396226
1.338582677
0.834645669
1.490347490
1.204724409
1.960784314
1.664383562
2.761363636
1.214611872
1.105022831
1.833333333
1.697674419
2.638554217
1.023255814
1.590361446
1.357894737
0.873684211
1.446009390
1.389473684
2.015151515
1.744565217
2.609756098
1.440217391
1.135869565
1.699186992
1.495934959
2.216867470
1.000000000
1.481927711
1.500000000
1.012195122
1.460674157
1.500000000
2.154471545
1.691082803
2.090551181
1.687898089
1.101910828
1.362204724
1.602040816
2.854545455
1.295918367
2.309090909
2.000000000
1.122448980
1.318181818
2.591836735
2.086614173
1.730769231
2.275280899
1.495726496
1.256410256
1.651685393
1.444444444
2.543478261
1.098765432
1.934782609
1.557692308
0.884615385
1.396946565
1.711538462
1.966292135
1.670270270
2.472000000
1.383783784
1.108108108
1.640000000
1.622807018
1.907216495
1.096491228
1.288659794
1.252747253
1.065934066
1.579617834
1.373626374
2.048000000
1.669154229
2.621093750
1.417910448
1.119402985
1.757812500
1.661157025
1.896226415
1.057851240
1.207547170
1.222222222
1.070707071
1.565714286
1.292929293
2.226562500
1.739811912
2.444933921
1.206896552
0.981191223
1.378854626
1.490654206
2.552000000
1.060747664
1.816000000
1.573529412
0.919117647
1.515151515
1.669117647
1.696035242
1.611111111
2.761904762
1.188888889
1.016666667
1.742857143
1.747572816
3.000000000
1.019417476
1.750000000
1.410958904
0.821917808
1.453416149
1.438356164
2.038095238
1.699029126
2.333333333
1.184466019
1.116504854
1.533333333
1.537313433
2.575000000
1.119402985
1.875000000
1.288461538
0.769230769
1.514851485
1.442307692
1.626666667
1.751282051
2.548507463
1.435897436
1.251282051
1.820895522
1.433823529
2.407407407
0.985294118
1.654320988
1.638554217
0.975903614
1.386046512
1.614457831
2.089552239
1.698952880
2.704166667
1.204188482
0.963350785
1.533333333
1.565573770
2.581081081
0.983606557
1.621621622
1.435294118
0.870588235
1.544871795
1.411764706
1.916666667
1.662650602
2.464285714
1.542168675
1.319277108
1.955357143
1.627450980
2.184210526
1.098039216
1.473684211
1.436619718
1.070422535
1.371727749
1.577464789
2.285714286
1.773684211
2.340277778
1.452631579
1.294736842
1.708333333
1.376811594
2.111111111
1.043478261
1.600000000
1.682926829
1.097560976
1.379629630
1.756097561
1.916666667
1.694174757
2.423611111
1.252427184
1.184466019
1.694444444
1.537313433
2.710526316
1.074626866
1.894736842
1.425531915
0.808510638
1.439252336
1.531914894
1.791666667
1.655555556
2.483333333
1.200000000
1.200000000
1.800000000
1.607142857
2.368421053
1.071428571
1.578947368
1.098039216
0.745098039
1.542553191
1.176470588
1.800000000
1.672897196
2.452054795
1.168224299
1.112149533
1.630136986
1.597014925
2.488372093
1.089552239
1.697674419
1.218181818
0.781818182
1.550000000
1.327272727
1.712328767
1.653061224
2.571428571
1.153061224
1.091836735
1.698412698
1.633333333
2.800000000
1.050000000
1.800000000
1.333333333
0.777777778
1.473684211
1.400000000
1.793650794
1.731958763
2.434782609
1.391752577
1.226804124
1.724637681
1.492307692
1.940000000
1.061538462
1.380000000
1.120689655
0.862068966
1.604166667
1.189655172
1.956521739
1.714285714
2.545454545
1.306122449
1.051020408
1.560606061
1.507692308
2.177777778
1.015384615
1.466666667
1.274509804
0.882352941
1.607142857
1.294117647
1.939393939
1.668141593
2.416666667
1.079646018
1.176991150
1.705128205
1.569444444
2.215686275
1.083333333
1.529411765
1.220338983
0.864406780
1.513043478
1.322033898
1.564102564
1.677083333
2.175675676
1.322916667
1.187500000
1.540540541
1.600000000
2.400000000
1.233333333
1.850000000
1.153846154
0.769230769
1.530612245
1.423076923
1.716216216
1.700000000
2.353846154
1.444444444
1.211111111
1.676923077
1.525423729
2.647058824
1.101694915
1.911764706
1.340909091
0.772727273
1.453608247
1.477272727
2.000000000
1.689473684
2.292857143
1.284210526
1.200000000
1.628571429
1.583333333
2.209302326
1.166666667
1.627906977
1.176470588
0.843137255
1.536842105
1.372549020
1.742857143
1.692708333
2.288732394
1.281250000
1.229166667
1.661971831
1.573770492
2.086956522
1.163934426
1.543478261
1.244897959
0.938775510
1.485148515
1.448979592
1.732394366
1.706185567
2.433823529
1.268041237
1.164948454
1.661764706
1.492307692
2.309523810
1.046153846
1.619047619
1.226415094
0.792452830
1.546391753
1.283018868
1.808823529
1.683673469
2.291666667
1.255102041
1.061224490
1.444444444
1.580645161
2.279069767
1.161290323
1.674418605
1.291666667
0.895833333
1.539325843
1.500000000
1.708333333
1.663157895
2.468750000
1.157894737
1.147368421
1.703125000
1.583333333
2.638888889
1.066666667
1.777777778
1.176470588
0.705882353
1.525773196
1.254901961
1.718750000
1.744444444
2.378787879
1.333333333
1.233333333
1.681818182
1.451612903
1.730769231
1.064516129
1.269230769
1.169811321
0.981132075
1.582417582
1.245283019
1.818181818
1.682291667
2.484615385
1.458333333
1.072916667
1.584615385
1.548387097
2.341463415
1.048387097
1.585365854
1.347826087
0.891304348
1.522727273
1.413043478
2.153846154
1.664948454
2.604838710
1.237113402
0.938144330
1.467741935
1.616666667
2.771428571
1.033333333
1.771428571
1.333333333
0.777777778
1.584415584
1.377777778
1.935483871
1.650000000
2.578125000
1.160000000
1.060000000
1.656250000
1.639344262
2.500000000
1.049180328
1.600000000
1.525000000
1.000000000
1.425531915
1.600000000
1.812500000
1.724489796
2.449275362
1.479591837
1.183673469
1.681159420
1.507692308
2.722222222
1.061538462
1.916666667
1.382978723
0.765957447
1.451923077
1.468085106
2.101449275
1.739361702
2.270833333
1.510638298
1.202127660
1.569444444
1.446153846
2.473684211
1.107692308
1.894736842
1.444444444
0.844444444
1.445544554
1.600000000
1.972222222
1.721649485
2.530303030
1.195876289
1.206185567
1.772727273
1.515625000
2.552631579
1.031250000
1.736842105
1.391304348
0.826086957
1.446601942
1.434782609
1.757575758
1.734042553
2.432835821
1.319148936
1.042553191
1.462686567
1.492063492
2.937500000
1.063492063
2.093750000
1.340425532
0.680851064
1.546511628
1.425531915
1.850746269
1.729166667
2.357954545
1.458333333
1.200000000
1.636363636
1.463414634
2.142857143
1.073170732
1.571428571
1.322580645
0.903225806
1.512396694
1.419354839
1.988636364
1.692622951
2.128865979
1.500000000
1.098360656
1.381443299
1.525000000
2.346153846
1.212500000
1.865384615
1.403508772
0.912280702
1.508928571
1.701754386
1.886597938
1.748000000
2.276041667
1.416000000
1.120000000
1.458333333
1.436781609
2.450980392
1.103448276
1.882352941
1.380952381
0.809523810
1.529411765
1.523809524
1.843750000
1.805309735
2.241758242
1.681415929
1.212389381
1.505494505
1.361445783
2.404255319
1.096385542
1.936170213
1.456140351
0.824561404
1.478991597
1.596491228
2.087912088
1.685039370
2.301075269
1.330708661
1.283464567
1.752688172
1.548780488
2.309090909
1.134146341
1.690909091
1.123287671
0.753424658
1.532846715
1.273972603
1.817204301
1.718487395
2.405882353
1.470588235
1.352941176
1.894117647
1.506329114
1.983333333
1.075949367
1.416666667
1.253968254
0.952380952
1.473684211
1.349206349
2.058823529
1.640350877
2.397435897
1.385964912
1.105263158
1.615384615
1.628571429
2.714285714
1.114285714
1.857142857
1.250000000
0.750000000
1.518518519
1.392857143
2.025641026
1.674757282
2.395833333
1.310679612
0.912621359
1.305555556
1.560606061
4.478260870
1.090909091
3.130434783
1.269230769
0.442307692
1.597701149
1.384615385
1.875000000
1.679856115
2.335000000
1.359712230
1.043165468
1.450000000
1.616279070
2.895833333
1.162790698
2.083333333
1.343750000
0.750000000
1.503937008
1.562500000
1.890000000
1.708791209
2.392307692
1.450549451
1.285714286
1.800000000
1.491803279
2.394736842
1.065573770
1.710526316
1.270833333
0.791666667
1.470588235
1.354166667
2.030769231
1.671641791
2.333333333
1.350746269
1.000000000
1.395833333
1.614457831
2.680000000
1.156626506
1.920000000
1.106666667
0.666666667
1.675675676
1.280000000
1.885416667
1.710526316
2.585227273
1.180451128
1.165413534
1.761363636
1.528735632
2.145161290
1.011494253
1.419354839
1.144736842
0.815789474
1.603174603
1.157894737
1.784090909
1.791666667
2.216494845
1.600000000
1.333333333
1.649484536
1.395348837
2.068965517
1.127906977
1.672413793
1.178082192
0.794520548
1.540740741
1.328767123
1.979381443
1.693181818
2.456043956
1.280303030
1.212121212
1.758241758
1.517241379
2.030769231
1.045977011
1.400000000
1.208333333
0.902777778
1.553846154
1.263888889
1.857142857
1.687022901
2.188118812
1.335877863
1.221374046
1.584158416
1.541176471
2.519230769
1.188235294
1.942307692
1.416666667
0.866666667
1.437956204
1.683333333
1.732673267
1.638297872
2.510869565
1.319148936
1.078014184
1.652173913
1.658823529
2.043478261
1.082352941
1.333333333
1.197183099
0.971830986
1.577235772
1.295774648
2.021739130
1.729838710
2.211340206
1.354838710
1.153225806
1.474226804
1.441860465
2.431372549
1.127906977
1.901960784
1.194444444
0.708333333
1.595041322
1.347222222
1.731958763
1.776859504
2.216494845
1.438016529
1.082644628
1.350515464
1.375000000
2.813953488
1.102272727
2.255813953
1.600000000
0.781818182
1.482456140
1.763636364
1.793814433
1.693277311
2.190217391
1.378151261
1.100840336
1.423913043
1.525641026
2.380000000
1.179487179
1.840000000
1.300000000
0.833333333
1.550458716
1.533333333
1.782608696
1.733333333
2.166666667
1.647619048
1.266666667
1.583333333
1.544117647
1.693548387
1.235294118
1.354838710
1.283018868
1.169811321
1.524752475
1.584905660
2.059523810
1.740506329
2.115384615
1.708860759
1.417721519
1.723076923
1.462962963
1.612244898
1.203703704
1.326530612
1.227272727
1.113636364
1.543209877
1.477272727
2.076923077
1.737068966
2.427710843
1.482758621
1.224137931
1.710843373
1.468354430
2.188679245
1.050632911
1.566037736
1.645833333
1.104166667
1.400000000
1.729166667
2.072289157
1.707207207
2.786764706
1.189189189
1.054054054
1.720588235
1.541666667
1.982142857
0.944444444
1.214285714
1.263157895
0.982456140
1.587628866
1.192982456
1.941176471
1.691358025
2.245901639
1.370370370
1.185185185
1.573770492
1.653061224
1.760869565
1.244897959
1.326086957
1.166666667
1.095238095
1.560000000
1.452380952
1.819672131
1.733727811
2.764150943
1.183431953
1.035502959
1.650943396
1.564814815
2.380281690
0.981481481
1.492957746
1.661538462
1.092307692
1.430463576
1.630769231
1.886792453
1.759259259
2.740384615
1.148148148
1.172839506
1.826923077
1.421052632
2.025000000
0.912280702
1.300000000
1.357142857
0.952380952
1.525000000
1.238095238
1.788461538
1.732876712
2.581632653
1.219178082
1.150684932
1.714285714
1.489795918
2.354838710
1.000000000
1.580645161
1.441176471
0.911764706
1.472222222
1.441176471
1.816326531
1.703883495
2.471830986
1.145631068
1.145631068
1.661971831
1.492753623
2.102040816
1.028985507
1.448979592
1.131147541
0.803278689
1.628865979
1.163934426
1.661971831
1.701219512
2.632075472
1.243902439
1.182926829
1.830188679
1.607843137
1.952380952
1.039215686
1.261904762
1.159090909
0.954545455
1.550000000
1.204545455
1.924528302
1.694244604
3.019230769
1.223021583
1.280575540
2.282051282
1.579545455
2.278688525
0.886363636
1.278688525
1.142857143
0.792207792
1.500000000
1.012987013
2.179487179
1.663636364
2.472972973
1.145454545
1.163636364
1.729729730
1.617647059
1.718750000
1.088235294
1.156250000
1.000000000
0.941176471
1.723404255
1.088235294
1.702702703
1.690721649
2.523076923
1.257731959
1.298969072
1.938461538
1.564516129
2.365853659
1.048387097
1.585365854
1.291666667
0.854166667
1.436363636
1.354166667
1.876923077
1.587912088
2.368852459
1.186813187
1.252747253
1.868852459
1.750000000
1.820000000
1.173076923
1.220000000
1.061224490
1.020408163
1.538461538
1.244897959
1.770491803
1.663265306
2.469696970
1.265306122
1.000000000
1.484848485
1.689655172
2.227272727
1.137931034
1.500000000
1.000000000
0.758620690
1.725000000
1.137931034
1.878787879
1.689189189
2.533783784
1.288288288
1.180180180
1.770270270
1.541666667
2.176470588
1.027777778
1.450980392
1.107692308
0.784615385
1.570175439
1.138461538
1.932432432
1.742857143
2.392156863
1.350000000
1.357142857
1.862745098
1.443298969
1.666666667
1.051546392
1.214285714
1.197530864
1.037037037
1.519230769
1.259259259
1.852941176
1.722727273
2.203488372
1.345454545
1.063636364
1.360465116
1.447368421
2.619047619
1.131578947
2.047619048
1.583333333
0.875000000
1.461538462
1.791666667
1.720930233
1.632653061
2.424242424
1.346938776
1.265306122
1.878787879
1.633333333
2.227272727
1.100000000
1.500000000
1.428571429
1.047619048
1.388888889
1.571428571
2.000000000
1.671641791
2.400000000
1.552238806
1.368159204
1.964285714
1.558139535
1.595238095
1.085271318
1.111111111
0.837662338
0.818181818
1.781725888
0.909090909
2.228571429
1.654205607
2.681818182
1.364485981
1.149532710
1.863636364
1.671875000
1.981481481
1.031250000
1.222222222
1.049180328
0.885245902
1.655913978
1.081967213
2.212121212
1.608695652
2.508474576
1.195652174
1.293478261
2.016949153
1.703703704
2.555555556
1.092592593
1.638888889
1.080000000
0.720000000
1.485436893
1.180000000
1.864406780
1.675925926
2.381578947
1.396296296
1.181481481
1.678947368
1.616766467
2.045454545
1.137724551
1.439393939
1.284615385
1.015384615
1.526315789
1.461538462
1.984210526
1.759803922
2.804687500
1.372549020
1.137254902
1.812500000
1.478260870
2.372093023
0.927536232
1.488372093
1.408163265
0.877551020
1.490000000
1.306122449
2.187500000
1.686868687
2.569230769
1.363636364
1.191919192
1.815384615
1.596774194
2.250000000
1.048387097
1.477272727
1.409090909
1.000000000
1.431372549
1.477272727
2.076923077
1.625000000
2.394736842
1.562500000
1.241071429
1.828947368
1.777777778
2.036363636
1.206349206
1.381818182
1.016129032
0.887096774
1.563636364
1.225806452
2.302631579
1.724719101
2.601694915
1.438202247
1.202247191
1.813559322
1.508474576
1.977777778
1.000000000
1.311111111
1.134615385
0.865384615
1.626506024
1.134615385
2.169491525
1.528846154
2.592391304
1.089743590
1.057692308
1.793478261
2.000000000
2.644067797
1.179487179
1.559322034
1.114285714
0.842857143
1.496453901
1.314285714
1.847826087
1.755725191
2.674418605
1.290076336
0.900763359
1.372093023
1.408602151
7.277777778
0.924731183
4.777777778
2.513513514
0.486486486
1.286821705
2.324324324
1.965116279
1.631578947
2.175438596
1.500000000
1.223684211
1.631578947
1.688888889
2.620689655
1.266666667
1.965517241
1.451612903
0.935483871
1.378048780
1.838709677
2.000000000
1.691176471
2.923728814
1.333333333
1.156862745
2.000000000
1.593750000
2.615384615
0.921875000
1.512820513
1.333333333
0.812500000
1.461538462
1.229166667
2.305084746
1.671875000
2.183673469
1.468750000
1.101562500
1.438775510
1.560975610
3.282051282
1.195121951
2.512820513
1.413793103
0.672413793
1.446153846
1.689655172
1.918367347
1.762295082
2.756410256
1.163934426
0.934426230
1.461538462
1.487804878
2.440000000
0.951219512
1.560000000
1.464285714
0.892857143
1.571428571
1.392857143
1.820512821
1.646153846
2.377777778
1.446153846
1.215384615
1.755555556
1.625000000
3.250000000
1.125000000
2.250000000
1.111111111
0.555555556
1.521739130
1.250000000
2.088888889
1.693023256
2.379084967
1.432558140
1.097674419
1.542483660
1.546762590
2.590361446
1.100719424
1.843373494
1.447916667
0.864583333
1.461538462
1.593750000
2.013071895
1.665829146
2.286206897
1.437185930
1.165829146
1.600000000
1.592000000
2.287356322
1.160000000
1.666666667
1.146788991
0.798165138
1.539603960
1.330275229
1.972413793
1.671487603
2.128947368
1.500000000
1.177685950
1.500000000
1.561290323
2.283018868
1.225806452
1.792452830
1.504854369
1.029126214
1.432773109
1.844660194
1.910526316
1.729281768
2.524193548
1.298342541
1.237569061
1.806451613
1.471544715
2.413333333
1.008130081
1.653333333
1.366666667
0.833333333
1.450000000
1.377777778
1.895161290
1.662162162
2.365384615
1.297297297
1.432432432
2.038461538
1.541666667
1.850000000
1.083333333
1.300000000
0.857142857
0.714285714
1.666666667
0.928571429
1.846153846
1.686974790
2.361764706
1.210084034
1.155462185
1.617647059
1.565789474
2.586956522
1.118421053
1.847826087
1.093525180
0.661870504
1.584033613
1.223021583
1.694117647
1.628078818
2.503787879
1.182266010
1.029556650
1.583333333
1.720338983
2.255555556
1.118644068
1.466666667
1.044247788
0.796460177
1.649425287
1.168141593
1.818181818
1.789772727
2.971698113
1.227272727
1.181818182
1.962264151
1.419354839
1.955555556
0.854838710
1.177777778
1.265306122
0.918367347
1.576470588
1.081632653
2.037735849
1.670000000
2.087500000
1.440000000
1.440000000
1.800000000
1.515151515
2.272727273
1.212121212
1.818181818
1.031250000
0.687500000
1.516129032
1.250000000
1.800000000
1.681318681
2.353846154
1.439560440
1.263736264
1.769230769
1.542372881
1.750000000
1.101694915
1.250000000
0.967213115
0.852459016
1.693181818
1.065573770
2.015384615
1.656250000
2.092105263
1.583333333
1.343750000
1.697368421
1.573770492
2.909090909
1.245901639
2.303030303
1.129629630
0.611111111
1.473684211
1.407407407
2.000000000
1.685897436
2.435185185
1.508547009
1.200854701
1.734567901
1.529411765
2.070796460
1.058823529
1.433628319
1.429906542
1.056074766
1.455319149
1.514018692
2.179012346
1.699561404
2.320359281
1.530701754
1.245614035
1.700598802
1.551020408
1.932203390
1.136054422
1.415254237
1.157480315
0.929133858
1.593457944
1.314960630
2.089820359
1.612068966
2.550000000
1.258620690
1.344827586
2.127272727
1.757575758
1.977272727
1.111111111
1.250000000
0.961165049
0.854368932
1.512437811
1.067961165
1.990909091
1.695652174
2.025974026
1.684782609
1.282608696
1.532467532
1.483870968
2.421052632
1.241935484
2.026315789
1.240000000
0.760000000
1.505050505
1.540000000
2.012987013
1.678571429
2.292682927
1.571428571
0.910714286
1.243902439
1.555555556
4.307692308
1.138888889
3.153846154
1.565217391
0.565217391
1.489361702
1.782608696
2.146341463
1.712244898
2.370056497
1.285714286
1.200000000
1.661016949
1.521739130
2.552083333
1.099378882
1.843750000
1.298387097
0.774193548
1.482490272
1.427419355
1.779661017
1.615702479
2.474683544
1.293388430
1.099173554
1.683544304
1.692307692
2.396039604
1.104895105
1.564356436
1.162601626
0.821138211
1.554054054
1.284552846
1.981012658
1.603636364
2.383783784
1.214545455
1.101818182
1.637837838
1.740506329
2.272727273
1.170886076
1.528925620
1.234375000
0.945312500
1.501960784
1.445312500
1.805405405
1.701680672
2.664473684
1.214285714
1.344537815
2.105263158
1.506329114
2.224299065
0.962025316
1.420560748
1.274193548
0.862903226
1.459259259
1.225806452
1.901315789
1.677419355
2.000000000
1.580645161
1.612903226
1.923076923
1.550000000
1.631578947
1.300000000
1.368421053
0.833333333
0.791666667
1.615384615
1.083333333
1.884615385
1.734848485
2.187898089
1.383838384
1.323232323
1.668789809
1.414285714
1.922330097
1.121428571
1.524271845
1.206896552
0.887931034
1.524886878
1.353448276
1.745222930
1.696902655
2.255882353
1.230088496
1.464601770
1.947058824
1.506666667
1.982456140
1.133333333
1.491228070
1.079136691
0.820143885
1.500000000
1.223021583
1.635294118
1.758215962
2.582758621
1.309859155
1.169014085
1.717241379
1.420000000
2.242105263
0.966666667
1.526315789
1.388888889
0.879629630
1.516746411
1.342592593
1.924137931
1.734567901
2.341666667
1.407407407
1.246913580
1.683333333
1.500000000
1.840909091
1.111111111
1.363636364
1.173913043
0.956521739
1.554216867
1.304347826
1.900000000
1.666666667
2.031250000
1.384615385
1.256410256
1.531250000
1.560000000
2.785714286
1.280000000
2.285714286
1.086956522
0.608695652
1.547619048
1.391304348
1.687500000
1.714285714
2.181818182
1.392857143
1.035714286
1.318181818
1.473684211
3.500000000
1.157894737
2.750000000
1.461538462
0.615384615
1.481481481
1.692307692
1.772727273
1.545662100
2.435251799
1.123287671
1.077625571
1.697841727
1.904347826
2.085714286
1.208695652
1.323809524
0.991379310
0.905172414
1.591836735
1.198275862
1.769784173
1.696078431
2.276315789
1.539215686
1.225490196
1.644736842
1.500000000
3.923076923
1.117647059
2.923076923
1.478260870
0.565217391
1.396551724
1.652173913
2.065789474
1.710191083
2.200819672
1.318471338
1.210191083
1.557377049
1.524271845
2.180555556
1.184466019
1.694444444
1.226190476
0.857142857
1.521739130
1.452380952
1.696721311
1.680851064
2.257142857
1.372340426
1.234042553
1.657142857
1.540983607
2.379746835
1.147540984
1.772151899
1.232323232
0.797979798
1.482926829
1.414141414
1.842857143
1.709183673
2.745901639
1.142857143
1.316326531
2.114754098
1.507692308
1.750000000
0.938461538
1.089285714
1.083333333
0.933333333
1.582524272
1.016666667
1.836065574
1.656716418
2.846153846
1.059701493
0.970149254
1.666666667
1.717948718
2.481481481
1.000000000
1.444444444
1.344827586
0.931034483
1.537037037
1.344827586
1.820512821
1.708333333
2.299065421
1.291666667
1.090277778
1.467289720
1.531914894
2.250000000
1.138297872
1.671875000
1.146341463
0.780487805
1.611940299
1.304878049
1.738317757
1.661971831
2.510638298
1.366197183
1.211267606
1.829787234
1.613636364
2.218750000
1.068181818
1.468750000
1.517241379
1.103448276
1.391891892
1.620689655
2.063829787
1.697674419
1.972972973
1.581395349
1.465116279
1.702702703
1.482758621
1.954545455
1.275862069
1.681818182
0.935483871
0.709677419
1.596153846
1.193548387
1.837837838
1.705508475
2.410179641
1.322033898
1.233050847
1.742514970
1.493670886
2.145454545
1.056962025
1.518181818
1.305785124
0.909090909
1.489878543
1.380165289
1.868263473
1.709876543
2.946808511
1.271604938
1.148148148
1.978723404
1.557692308
2.382352941
0.903846154
1.382352941
1.300000000
0.850000000
1.500000000
1.175000000
2.191489362
1.630232558
2.558394161
1.232558140
1.097674419
1.722627737
1.706349206
2.529411765
1.087301587
1.611764706
1.285714286
0.867346939
1.485148515
1.397959184
1.934306569
1.664750958
2.540935673
1.279693487
1.275862069
1.947368421
1.611111111
2.175000000
1.055555556
1.425000000
1.236641221
0.916030534
1.464539007
1.305343511
1.953216374
1.647761194
2.410480349
1.220895522
1.074626866
1.572052402
1.610576923
2.500000000
1.100961538
1.708955224
1.216374269
0.783625731
1.562500000
1.339181287
1.786026201
1.668932039
2.476945245
1.219417476
1.042718447
1.547550432
1.604361371
2.926136364
1.080996885
1.971590909
1.188888889
0.651851852
1.566037736
1.285185185
1.809798271
1.731250000
2.770000000
1.325000000
1.287500000
2.060000000
1.481481481
2.352941176
0.925925926
1.470588235
1.317073171
0.829268293
1.455555556
1.219512195
2.120000000
1.634146341
2.481481481
1.229268293
1.121951220
1.703703704
1.694214876
2.113402062
1.115702479
1.391752577
1.163461538
0.932692308
1.556149733
1.298076923
1.866666667
1.611570248
2.378048780
1.169421488
1.000000000
1.475609756
1.753623188
3.270270270
1.188405797
2.216216216
1.301886792
0.698113208
1.490740741
1.547169811
1.725609756
1.716216216
1.924242424
1.621621622
1.432432432
1.606060606
1.370370370
1.947368421
1.222222222
1.736842105
1.080000000
0.760000000
1.581395349
1.320000000
1.818181818
1.689473684
2.675000000
1.242105263
1.014035088
1.605555556
1.592178771
3.275862069
1.005586592
2.068965517
1.335820896
0.649253731
1.527559055
1.343283582
1.966666667
1.695652174
2.052631579
1.478260870
1.260869565
1.526315789
1.533333333
2.300000000
1.266666667
1.900000000
1.000000000
0.666666667
1.600000000
1.266666667
1.789473684
1.680904523
2.215231788
1.296482412
1.105527638
1.456953642
1.566929134
3.209677419
1.188976378
2.435483871
1.322916667
0.645833333
1.472906404
1.572916667
1.708609272
1.669047619
2.261290323
1.514285714
1.385714286
1.877419355
1.567164179
1.858407080
1.156716418
1.371681416
1.063492063
0.896825397
1.520661157
1.230158730
2.051612903
1.635416667
2.268786127
1.283333333
1.100000000
1.526011561
1.655172414
2.142857143
1.193103448
1.544642857
1.188524590
0.918032787
1.554545455
1.418032787
1.780346821
1.681034483
2.241379310
1.500000000
1.310344828
1.747126437
1.611111111
1.757575758
1.208333333
1.318181818
1.384615385
1.269230769
1.448275862
1.673076923
2.000000000
1.599190283
2.651006711
1.311740891
1.194331984
1.979865772
1.727272727
2.185840708
1.041958042
1.318584071
1.043795620
0.824817518
1.554655870
1.087591241
2.174496644
1.711340206
2.964285714
1.247422680
1.061855670
1.839285714
1.564516129
2.487179487
0.903225806
1.435897436
1.347826087
0.847826087
1.516853933
1.217391304
2.160714286
1.675324675
2.744680851
1.168831169
1.155844156
1.893617021
1.604166667
1.974358974
0.979166667
1.205128205
1.170731707
0.951219512
1.569444444
1.146341463
1.914893617
1.723404255
2.368421053
1.251063830
1.204255319
1.654970760
1.407185629
2.447916667
1.023952096
1.781250000
1.128378378
0.648648649
1.594377510
1.155405405
1.719298246
1.806010929
2.582031250
1.535519126
1.377049180
1.968750000
1.316546763
2.127906977
0.920863309
1.488372093
1.263636364
0.781818182
1.506912442
1.163636364
2.195312500
1.721910112
2.452000000
1.320224719
1.219101124
1.736000000
1.508474576
2.617647059
1.059322034
1.838235294
0.991596639
0.571428571
1.626315789
1.050420168
1.880000000
1.684615385
2.881578947
1.107692308
1.153846154
1.973684211
1.585365854
2.031250000
0.926829268
1.187500000
1.413793103
1.103448276
1.467741935
1.310344828
1.894736842
1.687500000
2.953125000
1.232142857
0.964285714
1.687500000
1.600000000
2.333333333
0.914285714
1.333333333
1.296296296
0.888888889
1.627906977
1.185185185
2.156250000
1.748603352
2.544715447
1.329608939
1.508379888
2.195121951
1.432000000
2.057471264
0.984000000
1.413793103
1.201923077
0.836538462
1.446351931
1.182692308
1.934959350
1.764423077
2.513698630
1.432692308
1.134615385
1.616438356
1.464788732
2.666666667
1.028169014
1.871794872
1.775000000
0.975000000
1.384615385
1.825000000
2.041095890
1.649006623
2.273972603
1.182119205
1.195364238
1.648401826
1.614973262
2.026845638
1.171122995
1.469798658
0.979057592
0.780104712
1.636666667
1.146596859
1.630136986
1.617088608
2.271111111
1.278481013
1.253164557
1.760000000
1.671957672
2.257142857
1.190476190
1.607142857
1.203821656
0.891719745
1.474320242
1.433121019
1.795555556
1.742990654
2.391025641
1.485981308
1.336448598
1.833333333
1.426666667
3.821428571
1.040000000
2.785714286
1.293103448
0.482758621
1.426470588
1.344827586
2.038461538
1.738095238
2.517241379
1.250000000
1.404761905
2.034482759
1.448275862
2.000000000
1.000000000
1.380952381
1.183673469
0.857142857
1.480392157
1.183673469
1.810344828
1.704081633
2.061728395
1.540816327
1.408163265
1.703703704
1.484848485
2.227272727
1.227272727
1.840909091
1.137931034
0.758620690
1.487394958
1.396551724
1.864197531
1.738372093
2.265151515
1.488372093
1.337209302
1.742424242
1.457627119
1.911111111
1.118644068
1.466666667
1.311111111
1.000000000
1.459183673
1.466666667
1.939393939
1.702702703
2.739130435
1.297297297
1.270270270
2.043478261
1.574468085
2.176470588
0.978723404
1.352941176
1.044444444
0.755555556
1.555555556
1.022222222
2.086956522
1.739669421
2.338888889
1.347107438
1.049586777
1.411111111
1.457831325
2.688888889
1.084337349
2.000000000
1.317460317
0.714285714
1.557522124
1.428571429
1.811111111
1.596938776
2.407692308
1.265306122
1.132653061
1.707692308
1.884615385
2.390243902
1.250000000
1.585365854
1.106382979
0.872340426
1.500000000
1.382978723
1.907692308
1.625000000
2.076388889
1.326086957
1.239130435
1.583333333
1.703703704
2.300000000
1.333333333
1.800000000
1.018867925
0.754716981
1.540816327
1.358490566
1.694444444
1.633333333
2.598484848
1.266666667
1.104761905
1.757575758
1.693548387
1.875000000
1.064516129
1.178571429
1.148148148
1.037037037
1.620689655
1.222222222
2.015151515
1.704081633
2.197368421
1.591836735
1.306122449
1.684210526
1.555555556
1.580645161
1.206349206
1.225806452
0.954545455
0.939393939
1.717391304
1.151515152
2.052631579
1.705263158
2.454545455
1.515789474
1.515789474
2.181818182
1.507936508
1.666666667
1.047619048
1.157894737
1.105263158
1.000000000
1.527777778
1.157894737
2.181818182
1.793333333
2.690000000
1.280000000
1.240000000
1.860000000
1.442307692
2.272727273
0.961538462
1.515151515
1.300000000
0.825000000
1.493827160
1.250000000
1.920000000
1.653846154
2.433962264
1.500000000
1.243589744
1.830188679
1.625000000
2.052631579
1.104166667
1.394736842
1.043478261
0.826086957
1.613333333
1.152173913
2.207547170
1.779411765
2.326923077
1.441176471
1.426470588
1.865384615
1.416666667
1.581395349
1.083333333
1.209302326
0.960000000
0.860000000
1.694444444
1.040000000
1.884615385
1.639534884
2.660377358
1.232558140
1.151162791
1.867924528
1.653846154
2.606060606
1.019230769
1.606060606
1.130434783
0.717391304
1.541176471
1.152173913
2.000000000
1.671875000
2.198630137
1.250000000
1.010416667
1.328767123
1.627118644
2.400000000
1.237288136
1.825000000
1.180000000
0.800000000
1.602409639
1.460000000
1.643835616
1.665000000
2.134615385
1.450000000
1.140000000
1.461538462
1.538461538
1.785714286
1.200000000
1.392857143
0.970149254
0.835820896
1.770114943
1.164179104
1.858974359
1.743055556
2.670212766
1.277777778
1.000000000
1.531914894
1.469387755
3.130434783
0.959183673
2.043478261
1.689655172
0.793103448
1.446153846
1.620689655
1.957446809
1.742268041
2.640625000
1.226804124
1.103092784
1.671875000
1.539682540
2.621621622
1.015873016
1.729729730
1.235294118
0.725490196
1.542553191
1.254901961
1.859375000
1.602941176
2.270833333
1.250000000
1.073529412
1.520833333
1.700000000
2.193548387
1.200000000
1.548387097
1.176470588
0.911764706
1.557377049
1.411764706
1.770833333
1.848101266
2.474576271
1.493670886
1.658227848
2.220338983
1.295081967
1.436363636
0.967213115
1.072727273
1.297872340
1.170212766
1.439252336
1.255319149
2.000000000
1.700000000
2.318181818
1.333333333
1.280000000
1.745454545
1.530612245
2.272727273
1.122448980
1.666666667
1.289473684
0.868421053
1.457831325
1.447368421
1.818181818
1.738095238
2.225609756
1.609523810
1.247619048
1.597560976
1.500000000
2.282608696
1.171428571
1.782608696
1.458333333
0.958333333
1.432432432
1.708333333
2.060975610
1.730468750
2.171568627
1.437500000
1.289062500
1.617647059
1.454545455
1.939393939
1.159090909
1.545454545
1.239436620
0.929577465
1.518248175
1.436619718
1.803921569
1.685185185
2.037313433
1.592592593
1.222222222
1.477611940
1.528301887
2.382352941
1.264150943
1.970588235
1.261904762
0.809523810
1.494117647
1.595238095
1.925373134
1.684210526
2.285714286
1.289473684
1.144736842
1.553571429
1.520000000
2.620689655
1.120000000
1.931034483
1.136363636
0.659090909
1.571428571
1.272727273
1.750000000
1.861111111
2.263513514
1.522222222
1.455555556
1.770270270
1.267605634
1.578947368
1.042253521
1.298245614
1.163934426
0.934426230
1.592233010
1.213114754
1.851351351
1.820895522
2.595744681
1.343283582
1.223880597
1.744680851
1.340000000
2.030303030
0.940000000
1.424242424
1.428571429
0.942857143
1.500000000
1.342857143
1.914893617
1.701149425
2.176470588
1.310344828
1.034482759
1.323529412
1.500000000
2.806451613
1.172413793
2.193548387
1.380952381
0.738095238
1.525000000
1.619047619
1.676470588
1.656250000
2.598039216
1.300000000
1.162500000
1.823529412
1.568627451
2.666666667
1.000000000
1.700000000
1.133333333
0.666666667
1.548780488
1.133333333
2.039215686
1.831081081
2.221311475
1.405405405
1.189189189
1.442622951
1.345454545
2.242424242
1.109090909
1.848484848
1.195652174
0.717391304
1.605263158
1.326086957
1.704918033
1.710784314
2.358108108
1.362745098
1.235294118
1.702702703
1.569230769
1.924528302
1.138461538
1.396226415
1.250000000
1.019230769
1.500000000
1.423076923
1.878378378
1.664556962
2.481132075
1.316455696
1.088607595
1.622641509
1.580000000
2.393939394
1.060000000
1.606060606
1.250000000
0.825000000
1.547945205
1.325000000
1.962264151
1.613861386
2.432835821
1.178217822
1.000000000
1.507462687
1.741379310
3.060606061
1.155172414
2.030303030
1.260869565
0.717391304
1.516853933
1.456521739
1.776119403
1.674698795
2.316666667
1.337349398
1.072289157
1.483333333
1.596153846
2.766666667
1.153846154
2.000000000
1.209302326
0.697674419
1.551282051
1.395348837
1.850000000
1.675324675
2.388888889
1.272727273
1.090909091
1.555555556
1.571428571
2.483870968
1.102040816
1.741935484
1.166666667
0.738095238
1.567567568
1.285714286
1.814814815
1.701923077
2.328947368
1.365384615
1.192307692
1.631578947
1.529411765
2.600000000
1.117647059
1.900000000
1.478260870
0.869565217
1.422018349
1.652173913
1.868421053
1.839506173
2.365079365
1.444444444
1.271604938
1.634920635
1.246153846
2.131578947
0.969230769
1.657894737
1.911764706
1.117647059
1.377777778
1.852941176
1.857142857
1.671641791
2.635294118
1.283582090
1.014925373
1.600000000
1.558139535
2.734693878
0.988372093
1.734693878
1.264705882
0.720588235
1.581196581
1.250000000
2.023529412
1.666666667
2.313432836
1.344086022
1.161290323
1.611940299
1.576271186
2.268292683
1.135593220
1.634146341
1.180000000
0.820000000
1.561797753
1.340000000
1.865671642
1.683333333
2.443548387
1.344444444
1.311111111
1.903225806
1.551724138
2.195121951
1.068965517
1.512195122
1.183673469
0.836734694
1.480392157
1.265306122
1.951612903
1.673469388
2.779661017
1.214285714
1.142857143
1.898305085
1.661016949
2.279069767
1.000000000
1.372093023
1.113207547
0.811320755
1.552083333
1.113207547
2.016949153
1.668224299
2.380000000
1.336448598
1.373831776
1.960000000
1.597014925
1.981481481
1.119402985
1.388888889
0.985294118
0.794117647
1.548387097
1.102941176
1.906666667
1.715189873
2.605769231
1.227848101
1.253164557
1.903846154
1.490566038
1.975000000
0.981132075
1.300000000
1.261904762
0.952380952
1.506024096
1.238095238
1.865384615
1.687500000
2.320312500
1.352272727
1.329545455
1.828125000
1.543859649
2.000000000
1.122807018
1.454545455
1.140000000
0.880000000
1.505050505
1.280000000
1.859375000
1.721518987
2.428571429
1.354430380
1.139240506
1.607142857
1.519230769
2.548387097
1.076923077
1.806451613
1.368421053
0.815789474
1.487179487
1.473684211
1.910714286
1.657894737
2.540322581
1.284210526
1.031578947
1.580645161
1.637931034
2.878787879
1.068965517
1.878787879
1.160000000
0.660000000
1.581395349
1.240000000
1.967741935
1.621212121
2.260563380
1.232323232
1.040404040
1.450704225
1.736842105
2.414634146
1.245614035
1.731707317
1.036363636
0.745454545
1.625000000
1.290909091
1.718309859
1.680952381
2.451388889
1.257142857
1.000000000
1.458333333
1.590909091
2.234042553
1.090909091
1.531914894
1.031250000
0.734375000
1.744186047
1.125000000
1.833333333
1.763440860
2.733333333
1.236559140
1.408602151
2.183333333
1.430769231
1.897959184
0.923076923
1.224489796
1.203703704
0.907407407
1.486486486
1.111111111
1.916666667
1.602150538
2.442622951
1.354838710
1.204301075
1.836065574
1.788461538
2.066666667
1.173076923
1.355555556
1.181818182
1.022727273
1.473118280
1.386363636
2.065573770
1.734567901
2.464912281
1.358024691
1.345679012
1.912280702
1.500000000
1.883720930
1.055555556
1.325581395
1.317073171
1.048780488
1.460674157
1.390243902
1.929824561
1.676829268
2.594339623
1.268292683
1.231707317
1.905660377
1.607843137
1.906976744
1.039215686
1.232558140
0.962264151
0.811320755
1.630952381
1.000000000
1.962264151
1.683168317
2.500000000
1.227722772
1.128712871
1.676470588
1.629032258
2.020000000
1.096774194
1.360000000
1.068965517
0.862068966
1.617021277
1.172413793
1.823529412
1.668478261
2.475806452
1.130434783
1.152173913
1.709677419
1.672727273
2.243902439
1.127272727
1.512195122
1.279069767
0.953488372
1.488636364
1.441860465
1.677419355
1.632183908
2.057971014
1.356321839
1.057471264
1.333333333
1.673076923
2.636363636
1.326923077
2.090909091
1.209302326
0.767441860
1.537500000
1.604651163
1.710144928
1.731343284
2.521739130
1.328358209
1.119402985
1.630434783
1.488888889
2.481481481
1.022222222
1.703703704
1.153846154
0.692307692
1.619047619
1.179487179
1.934782609
1.602564103
2.450980392
1.179487179
1.128205128
1.725490196
1.772727273
2.228571429
1.159090909
1.457142857
1.100000000
0.875000000
1.540540541
1.275000000
1.803921569
1.666666667
2.343750000
1.488888889
1.166666667
1.640625000
1.607142857
2.045454545
1.142857143
1.454545455
1.142857143
0.897959184
1.563218391
1.306122449
2.093750000
1.742105263
2.206666667
1.368421053
1.221052632
1.546666667
1.439393939
2.500000000
1.136363636
1.973684211
1.434782609
0.826086957
1.450980392
1.630434783
1.733333333
1.604395604
2.607142857
1.175824176
1.197802198
1.946428571
1.685185185
2.459459459
1.037037037
1.513513514
1.350000000
0.925000000
1.416666667
1.400000000
1.910714286
1.717948718
2.481481481
1.397435897
1.461538462
2.111111111
1.500000000
1.659574468
1.038461538
1.148936170
1.019607843
0.921568627
1.548387097
1.058823529
2.018518519
1.664948454
2.375000000
1.381443299
1.185567010
1.691176471
1.644067797
1.940000000
1.152542373
1.360000000
1.134615385
0.961538462
1.565217391
1.307692308
1.970588235
1.603960396
2.347826087
1.277227723
1.287128713
1.884057971
1.711864407
2.148936170
1.169491525
1.468085106
1.017241379
0.810344828
1.527272727
1.189655172
1.869565217
1.656626506
2.370689655
1.192771084
1.144578313
1.637931034
1.693877551
2.441176471
1.183673469
1.705882353
1.088888889
0.755555556
1.548780488
1.288888889
1.706896552
1.634020619
2.264285714
1.463917526
1.092783505
1.514285714
1.672413793
3.031250000
1.206896552
2.187500000
1.380952381
0.761904762
1.442105263
1.666666667
2.028571429
1.681818182
2.512345679
1.330578512
1.231404959
1.839506173
1.571428571
1.951612903
1.051948052
1.306451613
1.040540541
0.837837838
1.611570248
1.094594595
1.987654321
1.642857143
2.439393939
1.367346939
1.316326531
1.954545455
1.606557377
2.882352941
1.081967213
1.941176471
1.070175439
0.596491228
1.495652174
1.157894737
2.030303030
1.716867470
2.590909091
1.265060241
1.373493976
2.072727273
1.482142857
2.075000000
0.982142857
1.375000000
1.098039216
0.784313725
1.525773196
1.078431373
1.909090909
1.681250000
2.401785714
1.350000000
1.312500000
1.875000000
1.568627451
1.818181818
1.098039216
1.272727273
1.000000000
0.862745098
1.629629630
1.098039216
1.928571429
1.673076923
2.372727273
1.282051282
1.269230769
1.800000000
1.560000000
2.108108108
1.100000000
1.486486486
1.041666667
0.770833333
1.578313253
1.145833333
1.818181818
1.594059406
2.333333333
1.267326733
1.138613861
1.666666667
1.741379310
2.404761905
1.189655172
1.642857143
1.288888889
0.933333333
1.459183673
1.533333333
1.855072464
1.587500000
2.490196078
1.212500000
1.187500000
1.862745098
1.777777778
2.285714286
1.133333333
1.457142857
1.022727273
0.795454545
1.550000000
1.159090909
1.901960784
1.702127660
2.424242424
1.446808511
1.191489362
1.696969697
1.516129032
2.292682927
1.064516129
1.609756098
1.068965517
0.706896552
1.604166667
1.137931034
2.060606061
1.730769231
2.647058824
1.307692308
1.448717949
2.215686275
1.444444444
1.950000000
0.944444444
1.275000000
1.125000000
0.833333333
1.500000000
1.062500000
2.000000000
1.583333333
2.572916667
1.333333333
1.192307692
1.937500000
1.813953488
1.591836735
1.116279070
0.979591837
0.781818182
0.890909091
1.887096774
0.872727273
2.166666667
1.700000000
2.593220339
1.322222222
1.222222222
1.864406780
1.551724138
2.142857143
1.017241379
1.404761905
1.115384615
0.807692308
1.559139785
1.134615385
2.016949153
1.602678571
2.493055556
1.250000000
1.196428571
1.861111111
1.723076923
1.964912281
1.107692308
1.263157895
1.101694915
0.966101695
1.541284404
1.220338983
1.944444444
1.594936709
2.680851064
1.164556962
1.164556962
1.957446809
1.795454545
2.468750000
1.068181818
1.468750000
0.936170213
0.680851064
1.602564103
1.000000000
1.957446809
1.612359551
2.517543860
1.157303371
1.067415730
1.666666667
1.711538462
2.966666667
1.096153846
1.900000000
1.268292683
0.731707317
1.488095238
1.390243902
1.807017544
1.818181818
2.424242424
1.420454545
1.352272727
1.803030303
1.313432836
2.046511628
0.985074627
1.534883721
1.288461538
0.826923077
1.520000000
1.269230769
1.893939394
1.612359551
2.474137931
1.213483146
1.269662921
1.948275862
1.711538462
2.225000000
1.115384615
1.450000000
0.962962963
0.740740741
1.556701031
1.074074074
1.862068966
1.737864078
2.182926829
1.427184466
1.330097087
1.670731707
1.430555556
1.839285714
1.138888889
1.464285714
1.043478261
0.811594203
1.600000000
1.188405797
1.792682927
1.786666667
2.196721311
1.400000000
1.226666667
1.508196721
1.388888889
2.272727273
1.129629630
1.848484848
1.421052632
0.868421053
1.481012658
1.605263158
1.721311475
1.730769231
2.410714286
1.346153846
1.282051282
1.785714286
1.471698113
2.108108108
1.056603774
1.513513514
1.394736842
0.973684211
1.431818182
1.473684211
1.875000000
1.646067416
2.092857143
1.460674157
1.314606742
1.671428571
1.679245283
2.119047619
1.320754717
1.666666667
1.152173913
0.913043478
1.460000000
1.521739130
1.857142857
1.712121212
2.306122449
1.348484848
1.287878788
1.734693878
1.500000000
2.275862069
1.113636364
1.689655172
1.189189189
0.783783784
1.500000000
1.324324324
1.816326531
1.619318182
2.415254237
1.284090909
1.034090909
1.542372881
1.692307692
2.666666667
1.134615385
1.787878788
1.209302326
0.767441860
1.530864198
1.372093023
1.915254237
1.747058824
2.062500000
1.564705882
1.270588235
1.500000000
1.416666667
2.023809524
1.200000000
1.714285714
1.304347826
0.913043478
1.500000000
1.565217391
1.847222222
1.662650602
2.262295082
1.373493976
1.204819277
1.639344262
1.566037736
2.441176471
1.150943396
1.794117647
1.261904762
0.809523810
1.482758621
1.452380952
1.868852459
1.647058824
2.333333333
1.317647059
1.152941176
1.633333333
1.634615385
2.125000000
1.153846154
1.500000000
1.238095238
0.952380952
1.518518519
1.428571429
1.866666667
1.731182796
2.476923077
1.365591398
1.301075269
1.861538462
1.476190476
2.113636364
1.031746032
1.477272727
1.032786885
0.721311475
1.586538462
1.065573770
1.953846154
1.683098592
2.298076923
1.422535211
1.323943662
1.807692308
1.577777778
1.972222222
1.155555556
1.444444444
1.153846154
0.923076923
1.493670886
1.333333333
1.942307692
1.723529412
2.525862069
1.352941176
1.105882353
1.620689655
1.416666667
2.125000000
0.966666667
1.450000000
1.333333333
0.888888889
1.576923077
1.288888889
1.982758621
1.696428571
2.688679245
1.238095238
1.178571429
1.867924528
1.555555556
2.048780488
0.981481481
1.292682927
1.384615385
1.051282051
1.475609756
1.358974359
1.962264151
1.706521739
2.242857143
1.228260870
1.217391304
1.600000000
1.508196721
2.139534884
1.147540984
1.627906977
1.196078431
0.843137255
1.548387097
1.372549020
1.614285714
1.738461538
2.215686275
1.400000000
1.184615385
1.509803922
1.413043478
2.321428571
1.108695652
1.821428571
1.243243243
0.756756757
1.552238806
1.378378378
1.784313725
1.673611111
3.012500000
1.180555556
1.000000000
1.800000000
1.600000000
2.769230769
0.888888889
1.538461538
1.250000000
0.722222222
1.571428571
1.111111111
2.125000000
1.716346154
2.318181818
1.471153846
1.105769231
1.493506494
1.507246377
2.363636364
1.115942029
1.750000000
0.985714286
0.628571429
1.736842105
1.100000000
1.987012987
1.726666667
2.443396226
1.333333333
0.866666667
1.226415094
1.442307692
2.777777778
1.019230769
1.962962963
1.405405405
0.729729730
1.660714286
1.432432432
1.886792453
1.663157895
2.677966102
1.294736842
1.157894737
1.864406780
1.583333333
2.968750000
0.983333333
1.843750000
1.132075472
0.603773585
1.540816327
1.113207547
2.084745763
1.705555556
2.398437500
1.255555556
1.411111111
1.984375000
1.551724138
2.307692308
1.103448276
1.641025641
1.074074074
0.722222222
1.486486486
1.185185185
1.765625000
1.638888889
2.107142857
1.340277778
1.041666667
1.339285714
1.636363636
2.440677966
1.272727273
1.898305085
1.275362319
0.855072464
1.543307087
1.623188406
1.723214286
1.632812500
2.223404255
1.343750000
1.125000000
1.531914894
1.684210526
2.461538462
1.236842105
1.807692308
1.225806452
0.838709677
1.516666667
1.516129032
1.829787234
1.697368421
2.263157895
1.421052632
1.210526316
1.614035088
1.520000000
2.375000000
1.140000000
1.781250000
1.315789474
0.842105263
1.475000000
1.500000000
1.894736842
1.695876289
2.419117647
1.546391753
1.051546392
1.500000000
1.469696970
3.880000000
1.030303030
2.720000000
1.466666667
0.555555556
1.478723404
1.511111111
2.205882353
1.616504854
2.220000000
1.252427184
1.106796117
1.520000000
1.716666667
2.239130435
1.250000000
1.630434783
1.111111111
0.851851852
1.556701031
1.388888889
1.720000000
1.730769231
2.500000000
1.397435897
1.025641026
1.481481481
1.500000000
3.000000000
1.038461538
2.076923077
1.405405405
0.702702703
1.521126761
1.459459459
2.018518519
1.664634146
2.527777778
1.365853659
1.207317073
1.833333333
1.576923077
2.000000000
1.038461538
1.317073171
1.061224490
0.836734694
1.604938272
1.102040816
2.074074074
1.688405797
2.532608696
1.304347826
1.115942029
1.673913043
1.568181818
2.555555556
1.045454545
1.703703704
1.333333333
0.818181818
1.485294118
1.393939394
1.956521739
1.741176471
2.508474576
1.352941176
1.423529412
2.050847458
1.416666667
1.734693878
0.983333333
1.204081633
1.071428571
0.875000000
1.565656566
1.053571429
1.949152542
1.698630137
2.480000000
1.342465753
1.315068493
1.920000000
1.520833333
1.738095238
1.041666667
1.190476190
1.066666667
0.933333333
1.569620253
1.111111111
1.960000000
1.661971831
2.360000000
1.211267606
1.225352113
1.740000000
1.613636364
2.730769231
1.136363636
1.923076923
1.375000000
0.812500000
1.410256410
1.562500000
1.720000000
1.690140845
2.608695652
1.253521127
1.028169014
1.586956522
1.577777778
2.448275862
1.022222222
1.586206897
1.125000000
0.725000000
1.666666667
1.150000000
1.934782609
1.610465116
2.473214286
1.279069767
1.058139535
1.625000000
1.755102041
2.687500000
1.142857143
1.750000000
1.139534884
0.744186047
1.551282051
1.302325581
1.964285714
1.681818182
2.162337662
1.393939394
1.161616162
1.493506494
1.622950820
2.106382979
1.262295082
1.638297872
1.355555556
1.044444444
1.459183673
1.711111111
1.792207792
1.630000000
2.362318841
1.360000000
1.100000000
1.594202899
1.724137931
2.272727273
1.189655172
1.568181818
1.288888889
0.977777778
1.489130435
1.533333333
1.971014493
1.795833333
2.198979592
1.500000000
1.166666667
1.428571429
1.379310345
2.553191489
1.126436782
2.085106383
1.611111111
0.870370370
1.442622951
1.814814815
1.836734694
1.670886076
2.315789474
1.316455696
1.253164557
1.736842105
1.580000000
2.393939394
1.140000000
1.727272727
1.086956522
0.717391304
1.541176471
1.239130435
1.824561404
1.670731707
2.322033898
1.414634146
1.195121951
1.661016949
1.547169811
2.157894737
1.113207547
1.552631579
1.204545455
0.863636364
1.523809524
1.340909091
1.966101695
1.740740741
2.238095238
1.370370370
1.345679012
1.730158730
1.446428571
1.620000000
1.125000000
1.260000000
1.076923077
0.961538462
1.604651163
1.211538462
1.761904762
1.727642276
2.414772727
1.357723577
0.861788618
1.204545455
1.464285714
3.514285714
1.047619048
2.514285714
1.400000000
0.583333333
1.625000000
1.466666667
1.897727273
1.686813187
2.398437500
1.197802198
1.153846154
1.640625000
1.542372881
2.757575758
1.084745763
1.939393939
1.311111111
0.733333333
1.483870968
1.422222222
1.703125000
1.680000000
2.571428571
1.146666667
1.000000000
1.530612245
1.630434783
2.500000000
1.065217391
1.633333333
1.121951220
0.731707317
1.650793651
1.195121951
1.755102041
1.694805195
2.558823529
1.246753247
1.129870130
1.705882353
1.540000000
2.851851852
1.020000000
1.888888889
1.470588235
0.794117647
1.459459459
1.500000000
1.882352941
1.636363636
2.204081633
1.333333333
1.121212121
1.510204082
1.650000000
2.275862069
1.225000000
1.689655172
1.290322581
0.935483871
1.508196721
1.580645161
1.795918367
1.658823529
2.203125000
1.376470588
1.258823529
1.671875000
1.634615385
2.361111111
1.230769231
1.777777778
1.155555556
0.800000000
1.489130435
1.422222222
1.828125000
1.664634146
2.275000000
1.243902439
1.256097561
1.716666667
1.607843137
2.157894737
1.176470588
1.578947368
1.186046512
0.883720930
1.494252874
1.395348837
1.700000000
1.647887324
2.489361702
1.380281690
1.183098592
1.787234043
1.690476190
2.366666667
1.119047619
1.566666667
1.024390244
0.731707317
1.569444444
1.146341463
2.085106383
1.602739726
2.489361702
1.356164384
1.136986301
1.765957447
1.738095238
2.920000000
1.119047619
1.880000000
1.105263158
0.657894737
1.527777778
1.236842105
2.106382979
1.686274510
2.324324324
1.372549020
1.264705882
1.743243243
1.545454545
2.000000000
1.121212121
1.450980392
1.000000000
0.772727273
1.616822430
1.121212121
1.891891892
1.676136364
2.269230769
1.386363636
1.113636364
1.507692308
1.571428571
2.838709677
1.160714286
2.096774194
1.302325581
0.720930233
1.500000000
1.511627907
1.876923077
1.642045455
2.189393939
1.295454545
1.227272727
1.636363636
1.571428571
2.146341463
1.178571429
1.609756098
1.400000000
1.025000000
1.425531915
1.650000000
1.727272727
1.680000000
2.434782609
1.370000000
1.240000000
1.797101449
1.515151515
2.380952381
1.045454545
1.642857143
1.346938776
0.857142857
1.462264151
1.408163265
1.985507246
1.680000000
2.571428571
1.266666667
1.453333333
2.224489796
1.530612245
2.343750000
1.000000000
1.531250000
1.225000000
0.800000000
1.416666667
1.225000000
1.938775510
1.708333333
2.530864198
1.316666667
1.225000000
1.814814815
1.558441558
2.608695652
1.051948052
1.760869565
1.283333333
0.766666667
1.472440945
1.350000000
1.950617284
1.676136364
2.458333333
1.181818182
1.181818182
1.733333333
1.600000000
2.146341463
1.090909091
1.463414634
1.279069767
0.953488372
1.488636364
1.395348837
1.733333333
1.649425287
2.474137931
1.275862069
1.149425287
1.724137931
1.611111111
2.900000000
1.074074074
1.933333333
1.200000000
0.666666667
1.500000000
1.288888889
1.913793103
1.865671642
2.500000000
1.507462687
1.283582090
1.720000000
1.264150943
2.093750000
0.943396226
1.562500000
1.558823529
0.941176471
1.459459459
1.470588235
2.020000000
1.685714286
2.765625000
1.247619048
1.142857143
1.875000000
1.567164179
2.333333333
0.955223881
1.422222222
1.240740741
0.833333333
1.519230769
1.185185185
2.046875000
1.661616162
2.455223881
1.262626263
1.151515152
1.701492537
1.622950820
1.941176471
1.098360656
1.313725490
1.418604651
1.186046512
1.452631579
1.558139535
1.865671642
1.675257732
2.954545455
1.247422680
1.340206186
2.363636364
1.564516129
1.979591837
0.887096774
1.122448980
1.016393443
0.803278689
1.554545455
0.901639344
2.200000000
1.664835165
2.133802817
1.351648352
1.087912088
1.394366197
1.625000000
2.394736842
1.267857143
1.868421053
1.191489362
0.808510638
1.546511628
1.510638298
1.732394366
1.598039216
2.362318841
1.323529412
1.078431373
1.594202899
1.728813559
2.170212766
1.169491525
1.468085106
1.180000000
0.940000000
1.549450549
1.380000000
1.956521739
1.683098592
2.343137255
1.309859155
1.197183099
1.666666667
1.651162791
2.218750000
1.186046512
1.593750000
1.194444444
0.888888889
1.507042254
1.416666667
1.823529412
1.671171171
2.318750000
1.315315315
1.036036036
1.437500000
1.632352941
2.413043478
1.176470588
1.739130435
1.283018868
0.867924528
1.540816327
1.509433962
1.825000000
1.719178082
2.614583333
1.287671233
1.301369863
1.979166667
1.489795918
2.354838710
0.979591837
1.548387097
1.166666667
0.738095238
1.512195122
1.142857143
1.958333333
1.645569620
2.241379310
1.303797468
1.177215190
1.603448276
1.717391304
2.393939394
1.260869565
1.757575758
1.045454545
0.750000000
1.543209877
1.318181818
1.775862069
1.685393258
2.631578947
1.280898876
0.966292135
1.508771930
1.618181818
2.617647059
1.036363636
1.676470588
1.309523810
0.809523810
1.575342466
1.357142857
2.000000000
1.715116279
2.379032258
1.511627907
1.244186047
1.725806452
1.535714286
2.529411765
1.107142857
1.823529412
1.191489362
0.723404255
1.500000000
1.319148936
2.096774194
1.683544304
2.333333333
1.265822785
1.113924051
1.543859649
1.549019608
2.393939394
1.117647059
1.727272727
1.243902439
0.804878049
1.554054054
1.390243902
1.754385965
1.645348837
2.319672131
1.348837209
1.348837209
1.901639344
1.686274510
1.911111111
1.196078431
1.355555556
0.944444444
0.833333333
1.556701031
1.129629630
1.901639344
1.591836735
2.437500000
1.469387755
1.295918367
1.984375000
1.750000000
1.814814815
1.142857143
1.185185185
1.056603774
1.018867925
1.535353535
1.207547170
2.250000000
1.595890411
2.647727273
1.315068493
1.315068493
2.181818182
1.659090909
1.697674419
1.000000000
1.023255814
0.956521739
0.934782609
1.630136986
0.956521739
2.181818182
1.697247706
2.102272727
1.431192661
1.302752294
1.613636364
1.535211268
1.816666667
1.239436620
1.466666667
1.126984127
0.952380952
1.600000000
1.396825397
1.772727273
1.686813187
2.257352941
1.384615385
1.252747253
1.676470588
1.516666667
1.978260870
1.133333333
1.478260870
1.276595745
0.978723404
1.522222222
1.446808511
1.852941176
1.655555556
2.191176471
1.300000000
1.244444444
1.647058824
1.666666667
2.045454545
1.259259259
1.545454545
1.227272727
1.000000000
1.500000000
1.545454545
1.720588235
1.611111111
2.485714286
1.333333333
1.259259259
1.942857143
1.862068966
1.800000000
1.206896552
1.166666667
0.828571429
0.857142857
1.721649485
1.000000000
2.057142857
1.697368421
2.580000000
1.447368421
1.026315789
1.560000000
1.561643836
2.651162791
1.027397260
1.744186047
1.377358491
0.811320755
1.514563107
1.415094340
2.200000000
1.626168224
2.485714286
1.317757009
1.261682243
1.928571429
1.671875000
1.754098361
1.093750000
1.147540984
0.969696970
0.924242424
1.622641509
1.060606061
2.014285714
1.726027397
2.377358491
1.273972603
1.273972603
1.754716981
1.489795918
1.659090909
1.081632653
1.204545455
1.000000000
0.897959184
1.720588235
1.081632653
1.754716981
1.609195402
2.295081967
1.264367816
1.206896552
1.721311475
1.705882353
2.351351351
1.196078431
1.648648649
1.342105263
0.973684211
1.417582418
1.605263158
1.803278689
1.633720930
2.195312500
1.313953488
1.465116279
1.968750000
1.592592593
1.563636364
1.185185185
1.163636364
1.000000000
1.018518519
1.568421053
1.185185185
1.765625000
1.628787879
2.443181818
1.393939394
1.121212121
1.681818182
1.650000000
2.357142857
1.100000000
1.571428571
1.111111111
0.777777778
1.571428571
1.222222222
2.090909091
1.669014085
2.154545455
1.492957746
1.323943662
1.709090909
1.613636364
1.918918919
1.250000000
1.486486486
1.419354839
1.193548387
1.407894737
1.774193548
1.927272727
1.613861386
2.546875000
1.415841584
0.980198020
1.546875000
1.711864407
2.148936170
1.084745763
1.361702128
1.092592593
0.870370370
1.720000000
1.185185185
2.234375000
1.773195876
2.263157895
1.597938144
1.237113402
1.578947368
1.347222222
1.865384615
1.055555556
1.461538462
1.241379310
0.896551724
1.630434783
1.310344828
2.039473684
1.603773585
2.428571429
1.226415094
1.339622642
2.028571429
1.682539683
2.255319149
1.111111111
1.489361702
1.235294118
0.921568627
1.414634146
1.372549020
1.857142857
1.672413793
2.552631579
1.344827586
1.181034483
1.802631579
1.589041096
2.000000000
1.041095890
1.310344828
1.089552239
0.865671642
1.632075472
1.134328358
2.052631579
1.626436782
2.439655172
1.379310345
1.344827586
2.017241379
1.673076923
2.289473684
1.115384615
1.526315789
1.238095238
0.904761905
1.420000000
1.380952381
2.068965517
1.642857143
2.367647059
1.387755102
1.285714286
1.852941176
1.719298246
1.633333333
1.192982456
1.133333333
0.982758621
1.034482759
1.610526316
1.172413793
2.000000000
1.653333333
2.000000000
1.466666667
1.200000000
1.451612903
1.630434783
2.083333333
1.347826087
1.722222222
1.243243243
0.972972973
1.544117647
1.675675676
1.774193548
1.753968254
2.455555556
1.396825397
1.269841270
1.777777778
1.465116279
2.100000000
1.046511628
1.500000000
1.303030303
0.909090909
1.515625000
1.363636364
1.955555556
1.685185185
2.037313433
1.555555556
1.259259259
1.522388060
1.557692308
1.840909091
1.288461538
1.522727273
1.181818182
1.000000000
1.594594595
1.522727273
1.880597015
1.691358025
2.362068966
1.518518519
1.259259259
1.758620690
1.528301887
2.382352941
1.094339623
1.705882353
1.358974359
0.871794872
1.438202247
1.487179487
2.120689655
1.717647059
2.433333333
1.235294118
1.282352941
1.816666667
1.545454545
1.808510638
1.090909091
1.276595745
1.375000000
1.175000000
1.439560440
1.500000000
1.750000000
1.668831169
2.072580645
1.493506494
1.103896104
1.370967742
1.571428571
2.655172414
1.265306122
2.137931034
1.400000000
0.828571429
1.500000000
1.771428571
1.854838710
1.618279570
2.246268657
1.376344086
1.236559140
1.716417910
1.690909091
1.754716981
1.218181818
1.264150943
0.859375000
0.828125000
1.719101124
1.046875000
1.910447761
1.670454545
2.250000000
1.424242424
1.250000000
1.683673469
1.571428571
2.357142857
1.166666667
1.750000000
1.312500000
0.875000000
1.438356164
1.531250000
1.918367347
1.661290323
2.414062500
1.397849462
1.182795699
1.718750000
1.660714286
2.513513514
1.142857143
1.729729730
1.120000000
0.740000000
1.526315789
1.280000000
2.031250000
1.789772727
2.500000000
1.511363636
1.204545455
1.682539683
1.419354839
2.095238095
1.016129032
1.500000000
1.441860465
0.976744186
1.483146067
1.465116279
2.111111111
1.691358025
2.537037037
1.271604938
1.111111111
1.666666667
1.588235294
2.531250000
1.058823529
1.687500000
1.186046512
0.744186047
1.551282051
1.255813953
1.907407407
1.741666667
2.679487179
1.333333333
1.083333333
1.666666667
1.428571429
2.727272727
0.928571429
1.772727273
1.500000000
0.785714286
1.500000000
1.392857143
2.051282051
1.758620690
3.290322581
1.189655172
1.155172414
2.161290323
1.414634146
2.416666667
0.756097561
1.291666667
1.413793103
0.827586207
1.491525424
1.068965517
2.225806452
1.771604938
2.452991453
1.308641975
1.293209877
1.790598291
1.390557940
2.117647059
1.004291845
1.529411765
1.147783251
0.753694581
1.567039106
1.152709360
1.811965812
1.663212435
2.588709677
1.274611399
1.134715026
1.766129032
1.595041322
2.757142857
1.024793388
1.771428571
1.110091743
0.642201835
1.567708333
1.137614679
1.983870968
1.699324324
2.286363636
1.391891892
1.283783784
1.727272727
1.480000000
1.947368421
1.100000000
1.447368421
1.041666667
0.791666667
1.592592593
1.145833333
1.872727273
1.619822485
2.300420168
1.313609467
1.159763314
1.647058824
1.707070707
2.913793103
1.202020202
2.051724138
1.237500000
0.725000000
1.461095101
1.487500000
1.865546218
1.621794872
2.672535211
1.213675214
1.149572650
1.894366197
1.746268657
2.186915888
1.059701493
1.327102804
0.985294118
0.786764706
1.593886463
1.044117647
2.000000000
1.628712871
2.455223881
1.232673267
1.133663366
1.708955224
1.697478992
2.525000000
1.126050420
1.675000000
1.155339806
0.776699029
1.525510204
1.300970874
1.858208955
1.709359606
2.589552239
1.472906404
1.123152709
1.701492537
1.514925373
1.915094340
1.000000000
1.264150943
1.288461538
1.019230769
1.597701149
1.288461538
2.231343284
1.690058480
2.408333333
1.432748538
1.274853801
1.816666667
1.583333333
1.781250000
1.111111111
1.250000000
1.058823529
0.941176471
1.589595376
1.176470588
2.041666667
1.715736041
2.209150327
1.619289340
0.862944162
1.111111111
1.503816794
3.862745098
1.167938931
3.000000000
2.183333333
0.850000000
1.375000000
2.550000000
2.084967320
1.611570248
2.387755102
1.294765840
1.371900826
2.032653061
1.696261682
1.815000000
1.144859813
1.225000000
1.086294416
1.015228426
1.485221675
1.243654822
1.918367347
1.623318386
2.320512821
1.390134529
1.233183857
1.762820513
1.702290076
1.798387097
1.190839695
1.258064516
0.929078014
0.879432624
1.665094340
1.106382979
1.987179487
1.609053498
2.209039548
1.341563786
1.242798354
1.706214689
1.711267606
2.793103448
1.246478873
2.034482759
1.163934426
0.713114754
1.458646617
1.450819672
1.841807910
1.733333333
2.241379310
1.413333333
1.306666667
1.689655172
1.470588235
2.343750000
1.137254902
1.812500000
1.020000000
0.640000000
1.595238095
1.160000000
1.827586207
1.650000000
2.341935484
1.268181818
1.204545455
1.709677419
1.641791045
2.135922330
1.156716418
1.504854369
1.229357798
0.944954128
1.490990991
1.422018349
1.800000000
1.728915663
2.502906977
1.429718876
1.232931727
1.784883721
1.482142857
2.305555556
1.023809524
1.592592593
1.263157895
0.812030075
1.509578544
1.293233083
2.069767442
1.696078431
1.922222222
1.588235294
1.450980392
1.644444444
1.500000000
1.961538462
1.323529412
1.730769231
0.944444444
0.722222222
1.600000000
1.250000000
1.800000000
1.643540670
2.436170213
1.267942584
1.296650718
1.921985816
1.620155039
1.727272727
1.093023256
1.165289256
1.162162162
1.090090090
1.518691589
1.270270270
1.879432624
1.774011299
2.180555556
1.853107345
1.677966102
2.062500000
1.416000000
1.301470588
1.152000000
1.058823529
0.856164384
0.931506849
1.695238095
0.986301370
2.277777778
1.778846154
2.055555556
1.480769231
1.096153846
1.266666667
1.444444444
2.600000000
1.250000000
2.250000000
1.500000000
0.833333333
1.480000000
1.875000000
1.711111111
1.680327869
2.440476190
1.295081967
1.114754098
1.619047619
1.525000000
2.440000000
1.050000000
1.680000000
1.333333333
0.833333333
1.500000000
1.400000000
1.880952381
1.758928571
2.525641026
1.267857143
1.250000000
1.794871795
1.435897436
1.696969697
1.000000000
1.181818182
1.114285714
0.942857143
1.625000000
1.114285714
1.820512821
1.783018868
2.423076923
1.396226415
1.150943396
1.564102564
1.358974359
2.304347826
1.000000000
1.695652174
1.392857143
0.821428571
1.528301887
1.392857143
1.897435897
1.767857143
2.357142857
1.321428571
1.035714286
1.380952381
1.435897436
3.111111111
1.076923077
2.333333333
1.444444444
0.666666667
1.519230769
1.555555556
1.761904762
1.863636364
2.277777778
1.400000000
1.363636364
1.666666667
1.250000000
2.115384615
1.022727273
1.730769231
1.294117647
0.764705882
1.523076923
1.323529412
1.711111111
1.728070175
2.290697674
1.192982456
1.122807018
1.488372093
1.461538462
2.714285714
1.102564103
2.047619048
1.500000000
0.807692308
1.464285714
1.653846154
1.581395349
1.666666667
2.400000000
1.222222222
1.416666667
2.040000000
1.636363636
1.800000000
1.136363636
1.250000000
0.977777778
0.888888889
1.535714286
1.111111111
1.760000000
1.710937500
2.234693878
1.453125000
1.296875000
1.693877551
1.488372093
2.370370370
1.139534884
1.814814815
1.343750000
0.843750000
1.432432432
1.531250000
1.897959184
1.701492537
2.478260870
1.343283582
1.164179104
1.695652174
1.488888889
2.161290323
1.022222222
1.483870968
1.285714286
0.885714286
1.538461538
1.314285714
1.956521739
1.750000000
2.196078431
1.406250000
1.062500000
1.333333333
1.422222222
2.909090909
1.133333333
2.318181818
1.500000000
0.733333333
1.476190476
1.700000000
1.764705882
1.793650794
2.306122449
1.333333333
1.238095238
1.591836735
1.369565217
2.032258065
1.065217391
1.580645161
1.277777778
0.861111111
1.545454545
1.361111111
1.714285714
1.690476190
2.315217391
1.380952381
1.158730159
1.586956522
1.575000000
2.333333333
1.150000000
1.703703704
1.250000000
0.843750000
1.516129032
1.437500000
1.891304348
1.800000000
2.294117647
1.415384615
1.415384615
1.803921569
1.326530612
1.477272727
1.040816327
1.159090909
1.113636364
1.000000000
1.637681159
1.159090909
1.803921569
1.654411765
2.295918367
1.235294118
1.176470588
1.632653061
1.658536585
2.428571429
1.195121951
1.750000000
1.322580645
0.903225806
1.449275362
1.580645161
1.714285714
1.653225806
2.628205128
1.193548387
1.306451613
2.076923077
1.631578947
2.000000000
1.026315789
1.258064516
1.151515152
0.939393939
1.485294118
1.181818182
1.897435897
1.758620690
2.372093023
1.275862069
1.189655172
1.604651163
1.450000000
2.000000000
1.075000000
1.482758621
1.212121212
0.878787879
1.578947368
1.303030303
1.720930233
1.664062500
2.218750000
1.328125000
1.296875000
1.729166667
1.560975610
2.000000000
1.170731707
1.500000000
1.205882353
0.941176471
1.485714286
1.411764706
1.770833333
1.637681159
2.404255319
1.333333333
1.304347826
1.914893617
1.604651163
2.555555556
1.093023256
1.740740741
1.387096774
0.870967742
1.392405063
1.516129032
1.957446809
1.672131148
2.266666667
1.409836066
1.180327869
1.600000000
1.605263158
2.541666667
1.184210526
1.875000000
1.225806452
0.774193548
1.508196721
1.451612903
1.911111111
1.719298246
2.333333333
1.350877193
1.280701754
1.738095238
1.500000000
2.375000000
1.105263158
1.750000000
1.225806452
0.774193548
1.492063492
1.354838710
1.833333333
1.666666667
2.325581395
1.366666667
1.250000000
1.744186047
1.578947368
2.000000000
1.131578947
1.433333333
1.266666667
1.000000000
1.483870968
1.433333333
1.906976744
1.772727273
2.267441860
1.327272727
1.381818182
1.767441860
1.375000000
1.964285714
1.075000000
1.535714286
1.212121212
0.848484848
1.523809524
1.303030303
1.697674419
1.750000000
2.510869565
1.318181818
1.484848485
2.130434783
1.375000000
2.200000000
0.958333333
1.533333333
1.411764706
0.882352941
1.395348837
1.352941176
1.891304348
1.650793651
2.166666667
1.253968254
1.047619048
1.375000000
1.575000000
2.625000000
1.200000000
2.000000000
1.481481481
0.888888889
1.482142857
1.777777778
1.645833333
1.738461538
2.511111111
1.200000000
0.953846154
1.377777778
1.477272727
2.708333333
1.022727273
1.875000000
1.333333333
0.727272727
1.611111111
1.363636364
1.733333333
1.674242424
2.255102041
1.166666667
1.424242424
1.918367347
1.500000000
2.062500000
1.113636364
1.531250000
1.189189189
0.864864865
1.462500000
1.324324324
1.571428571
1.731343284
2.416666667
1.328358209
1.343283582
1.875000000
1.522727273
1.763157895
1.090909091
1.263157895
1.023255814
0.883720930
1.565789474
1.116279070
1.854166667
1.644736842
2.604166667
1.250000000
1.092105263
1.729166667
1.688888889
2.054054054
1.066666667
1.297297297
1.125000000
0.925000000
1.588235294
1.200000000
1.979166667
1.742857143
2.489795918
1.371428571
1.257142857
1.795918367
1.428571429
1.944444444
1.000000000
1.361111111
1.139534884
0.837209302
1.605633803
1.139534884
1.959183673
1.666666667
2.019230769
1.619047619
1.285714286
1.557692308
1.615384615
2.250000000
1.333333333
1.857142857
1.181818182
0.848484848
1.471428571
1.575757576
1.961538462
1.655405405
2.311320755
1.364864865
1.364864865
1.905660377
1.608695652
1.761904762
1.152173913
1.261904762
1.069767442
0.976744186
1.524390244
1.232558140
1.905660377
1.706349206
2.336956522
1.269841270
1.174603175
1.608695652
1.536585366
1.852941176
1.121951220
1.352941176
1.171428571
0.971428571
1.614035088
1.314285714
1.739130435
1.710526316
2.096774194
1.552631579
1.131578947
1.387096774
1.520000000
2.451612903
1.240000000
2.000000000
1.250000000
0.775000000
1.555555556
1.550000000
1.903225806
1.714285714
2.511627907
1.174603175
1.142857143
1.674418605
1.465116279
2.423076923
1.000000000
1.653846154
1.228571429
0.742857143
1.573770492
1.228571429
1.720930233
1.692307692
2.146341463
1.423076923
1.423076923
1.804878049
1.575757576
2.080000000
1.242424242
1.640000000
1.064516129
0.806451613
1.500000000
1.322580645
1.804878049
1.709090909
2.410256410
1.400000000
1.236363636
1.743589744
1.527777778
2.391304348
1.083333333
1.695652174
1.200000000
0.766666667
1.508474576
1.300000000
1.974358974
1.758064516
2.369565217
1.419354839
1.177419355
1.586956522
1.409090909
2.066666667
1.045454545
1.533333333
1.157894737
0.789473684
1.622950820
1.210526316
1.913043478
1.816326531
1.934782609
1.653061224
1.367346939
1.456521739
1.324324324
2.041666667
1.243243243
1.916666667
1.275862069
0.827586207
1.517857143
1.586206897
1.760869565
1.569230769
2.372093023
1.169230769
1.200000000
1.813953488
1.805555556
1.710526316
1.194444444
1.131578947
0.972972973
1.027027027
1.616666667
1.162162162
1.767441860
1.645161290
2.318181818
1.209677419
1.145161290
1.613636364
1.589743590
2.384615385
1.128205128
1.692307692
1.147058824
0.764705882
1.557377049
1.294117647
1.704545455
1.766666667
2.304347826
1.416666667
1.400000000
1.826086957
1.395348837
1.818181818
1.069767442
1.393939394
1.264705882
0.970588235
1.492753623
1.352941176
1.847826087
1.700000000
2.337500000
1.381818182
1.418181818
1.950000000
1.571428571
2.037037037
1.142857143
1.481481481
1.060606061
0.818181818
1.492537313
1.212121212
1.900000000
1.737288136
2.562500000
1.338983051
1.254237288
1.850000000
1.475000000
1.903225806
1.000000000
1.290322581
1.290322581
1.000000000
1.516666667
1.290322581
1.975000000
1.657142857
2.109090909
1.442857143
1.042857143
1.327272727
1.590909091
3.043478261
1.250000000
2.391304348
1.294117647
0.676470588
1.523076923
1.617647059
1.836363636
1.693548387
2.282608696
1.370967742
1.241935484
1.673913043
1.589743590
1.550000000
1.179487179
1.150000000
0.847826087
0.869565217
1.821428571
1.000000000
1.847826087
1.608695652
2.265306122
1.260869565
1.101449275
1.551020408
1.725000000
2.029411765
1.225000000
1.441176471
1.111111111
0.944444444
1.580645161
1.361111111
1.775510204
1.659090909
2.234693878
1.287878788
1.121212121
1.510204082
1.571428571
2.200000000
1.166666667
1.633333333
1.354838710
0.967741935
1.508196721
1.580645161
1.734693878
1.696969697
2.545454545
1.303030303
1.166666667
1.750000000
1.534883721
2.357142857
1.023255814
1.571428571
1.048780488
0.682926829
1.621212121
1.073170732
1.954545455
1.629629630
2.444444444
1.240740741
1.222222222
1.833333333
1.687500000
2.347826087
1.125000000
1.565217391
1.230769231
0.884615385
1.456140351
1.384615385
1.861111111
1.707692308
2.466666667
1.307692308
1.246153846
1.800000000
1.444444444
2.166666667
1.000000000
1.500000000
1.153846154
0.769230769
1.590909091
1.153846154
1.888888889
1.661290323
2.340909091
1.338709677
1.274193548
1.795454545
1.589743590
2.296296296
1.128205128
1.629629630
1.147058824
0.794117647
1.500000000
1.294117647
1.886363636
1.716666667
2.395348837
1.300000000
1.233333333
1.720930233
1.463414634
1.935483871
1.048780488
1.387096774
1.281250000
0.968750000
1.516129032
1.343750000
1.813953488
1.708333333
2.342857143
1.375000000
1.291666667
1.771428571
1.454545455
3.200000000
1.060606061
2.333333333
1.434782609
0.652173913
1.396551724
1.521739130
1.885714286
1.769841270
2.477777778
1.444444444
1.412698413
1.977777778
1.431818182
1.657894737
1.022727273
1.184210526
1.128205128
0.974358974
1.582089552
1.153846154
2.022222222
1.679104478
2.445652174
1.238805970
1.164179104
1.695652174
1.558139535
2.680000000
1.069767442
1.840000000
1.228571429
0.714285714
1.522388060
1.314285714
1.804347826
1.642857143
2.258928571
1.298701299
1.181818182
1.625000000
1.638297872
2.081081081
1.191489362
1.513513514
1.175000000
0.925000000
1.526315789
1.400000000
1.785714286
1.685714286
2.458333333
1.357142857
1.157142857
1.687500000
1.590909091
2.500000000
1.090909091
1.714285714
1.257142857
0.800000000
1.500000000
1.371428571
1.979166667
1.659420290
2.120370370
1.260869565
1.043478261
1.333333333
1.568181818
2.653846154
1.227272727
2.076923077
1.375000000
0.812500000
1.492307692
1.687500000
1.611111111
1.664383562
2.292452830
1.301369863
1.260273973
1.735849057
1.622222222
2.433333333
1.177777778
1.766666667
1.250000000
0.833333333
1.450000000
1.472222222
1.792452830
1.632911392
2.433962264
1.265822785
1.189873418
1.773584906
1.680851064
2.821428571
1.127659574
1.892857143
1.270270270
0.756756757
1.445783133
1.432432432
1.886792453
1.694444444
2.541666667
1.263888889
1.041666667
1.562500000
1.565217391
2.571428571
1.043478261
1.714285714
1.393939394
0.848484848
1.507692308
1.454545455
1.895833333
1.586538462
2.426470588
1.096153846
1.230769231
1.882352941
1.857142857
2.080000000
1.214285714
1.360000000
0.933333333
0.833333333
1.600000000
1.133333333
1.676470588
1.640625000
2.282608696
1.250000000
1.250000000
1.739130435
1.641025641
2.370370370
1.179487179
1.703703704
1.258064516
0.870967742
1.449275362
1.483870968
1.739130435
1.611940299
2.842105263
1.029850746
0.985074627
1.736842105
1.763157895
2.913043478
1.000000000
1.652173913
1.310344828
0.793103448
1.500000000
1.310344828
1.815789474
1.653846154
2.580000000
1.141025641
1.051282051
1.640000000
1.659574468
2.000000000
1.063829787
1.282051282
1.342857143
1.114285714
1.522388060
1.428571429
1.780000000
1.676923077
2.945945946
1.200000000
1.184615385
2.081081081
1.585365854
2.600000000
0.902439024
1.480000000
1.281250000
0.781250000
1.463768116
1.156250000
2.108108108
1.722891566
2.979166667
1.204819277
1.132530120
1.958333333
1.566037736
2.024390244
0.905660377
1.170731707
1.325000000
1.025000000
1.512820513
1.200000000
2.083333333
1.622767857
2.672794118
1.183035714
1.290178571
2.125000000
1.696969697
1.931034483
1.030303030
1.172413793
1.081967213
0.950819672
1.525862069
1.114754098
1.948529412
1.658181818
2.213592233
1.429090909
1.258181818
1.679611650
1.636904762
1.636904762
1.226190476
1.226190476
0.923076923
0.923076923
1.722222222
1.131868132
1.907766990
1.717948718
1.861111111
1.487179487
1.461538462
1.583333333
1.444444444
2.052631579
1.333333333
1.894736842
1.000000000
0.703703704
1.574468085
1.333333333
1.611111111
1.687804878
2.322147651
1.380487805
1.214634146
1.671140940
1.589147287
1.990291262
1.155038760
1.446601942
1.112068966
0.887931034
1.557692308
1.284482759
1.899328859
1.647058824
2.074074074
1.470588235
1.352941176
1.703703704
1.545454545
2.266666667
1.227272727
1.800000000
0.956521739
0.652173913
1.589743590
1.173913043
1.851851852
1.615384615
2.464285714
1.244147157
1.133779264
1.729591837
1.698863636
2.248120301
1.113636364
1.473684211
1.086419753
0.820987654
1.589090909
1.209876543
1.897959184
1.746861925
2.332402235
1.493723849
1.230125523
1.642458101
1.475308642
2.343137255
1.104938272
1.754901961
1.125000000
0.708333333
1.555984556
1.243055556
1.994413408
1.656250000
2.194267516
1.432692308
1.240384615
1.643312102
1.625000000
2.536585366
1.226562500
1.914634146
1.319587629
0.845360825
1.425438596
1.618556701
1.898089172
1.692771084
2.230158730
1.590361446
1.493975904
1.968253968
1.537037037
1.693877551
1.166666667
1.285714286
0.794117647
0.720588235
1.719576720
0.926470588
2.095238095
1.658959538
2.352459016
1.456647399
1.277456647
1.811475410
1.616822430
1.922222222
1.140186916
1.355555556
1.091836735
0.918367347
1.566473988
1.244897959
2.065573770
1.692708333
2.304964539
1.494791667
1.395833333
1.900709220
1.536000000
1.454545455
1.128000000
1.068181818
0.954198473
1.007633588
1.648514851
1.076335878
2.035460993
1.574285714
2.623809524
1.211428571
1.211428571
2.019047619
1.822916667
2.083333333
1.093750000
1.250000000
0.941176471
0.823529412
1.573033708
1.029411765
2.019047619
1.671497585
2.436619718
1.280193237
1.275362319
1.859154930
1.568181818
1.580152672
1.075757576
1.083969466
1.073170732
1.065040650
1.637305699
1.154471545
1.866197183
1.630434783
2.360139860
1.371980676
1.289855072
1.867132867
1.669354839
1.916666667
1.153225806
1.324074074
1.008130081
0.878048780
1.559090909
1.162601626
1.986013986
1.710810811
2.167808219
1.454054054
1.297297297
1.643835616
1.516393443
2.312500000
1.196721311
1.825000000
1.270833333
0.833333333
1.452830189
1.520833333
1.842465753
1.653846154
2.047619048
1.500000000
1.269230769
1.571428571
1.444444444
2.363636364
1.166666667
1.909090909
1.125000000
0.687500000
1.551724138
1.312500000
1.857142857
1.654589372
2.345890411
1.299516908
1.333333333
1.890410959
1.568181818
1.696721311
1.106060606
1.196721311
0.963503650
0.890510949
1.598253275
1.065693431
1.842465753
1.652173913
2.128000000
1.583850932
1.155279503
1.488000000
1.626262626
1.750000000
1.262626263
1.358695652
1.151162791
1.069767442
1.618705036
1.453488372
2.040000000
1.729381443
2.379432624
1.670103093
1.340206186
1.843971631
1.458646617
1.564516129
1.060150376
1.137096774
1.127118644
1.050847458
1.648351648
1.194915254
2.297872340
1.731292517
2.796703297
1.387755102
1.193877551
1.928571429
1.462686567
2.470588235
0.905472637
1.529411765
1.340000000
0.793333333
1.496688742
1.213333333
2.241758242
1.674603175
2.344444444
1.396825397
1.248677249
1.748148148
1.615384615
2.032258065
1.153846154
1.451612903
1.360465116
1.081395349
1.427860697
1.569767442
1.955555556
1.736363636
2.170454545
1.378181818
1.221818182
1.527272727
1.462765957
2.148437500
1.170212766
1.718750000
1.323943662
0.901408451
1.487972509
1.549295775
1.722727273
1.712184874
2.595541401
1.348739496
1.315126050
1.993630573
1.535483871
1.712230216
1.012903226
1.129496403
1.040268456
0.932885906
1.639484979
1.053691275
2.044585987
1.686335404
2.468181818
1.316770186
1.111801242
1.627272727
1.548076923
2.090909091
1.057692308
1.428571429
1.238095238
0.916666667
1.608695652
1.309523810
1.927272727
1.699052133
2.422297297
1.426540284
1.208530806
1.722972973
1.517985612
1.900900901
1.064748201
1.333333333
1.061068702
0.847328244
1.693121693
1.129770992
2.033783784
1.747508306
2.412844037
1.514950166
1.235880399
1.706422018
1.468292683
2.487603306
1.063414634
1.801652893
1.297468354
0.765822785
1.484662577
1.379746835
2.091743119
1.742358079
2.607843137
1.475982533
1.445414847
2.163398693
1.487012987
1.803149606
0.993506494
1.204724409
1.033557047
0.852348993
1.549815498
1.026845638
2.209150327
1.734299517
2.301282051
1.434782609
1.328502415
1.762820513
1.457746479
2.587500000
1.098591549
1.950000000
1.213675214
0.683760684
1.479508197
1.333333333
1.903846154
1.726114650
2.239669421
1.292993631
1.152866242
1.495867769
1.440366972
3.829268293
1.110091743
2.951219512
1.397435897
0.525641026
1.458823529
1.551282051
1.677685950
1.721674877
2.314569536
1.527093596
1.359605911
1.827814570
1.471014493
1.915094340
1.094202899
1.424528302
1.014705882
0.779411765
1.607142857
1.110294118
2.052980132
1.696078431
2.544117647
1.294117647
1.235294118
1.852941176
1.500000000
3.000000000
1.000000000
2.000000000
1.096774194
0.548387097
1.553571429
1.096774194
1.941176471
1.766891892
2.490476190
1.513513514
1.250000000
1.761904762
1.409523810
2.208955224
1.000000000
1.567164179
1.363636364
0.870129870
1.487341772
1.363636364
2.133333333
